2-es kvantálási szint

=== Summary ===

Correctly Classified Instances        2491               24.91   %
Incorrectly Classified Instances      7509               75.09   %
Kappa statistic                          0.1657
Mean absolute error                      0.1502
Root mean squared error                  0.3875
Total Number of Instances            10000     

=== Detailed Accuracy By Class ===

                 TP Rate  FP Rate  Precision  Recall   F-Measure  MCC      ROC Area  PRC Area  Class
                 0,166    0,097    0,160      0,166    0,163      0,068    0,534     0,110     0
                 0,501    0,053    0,512      0,501    0,506      0,452    0,724     0,306     1
                 0,187    0,085    0,196      0,187    0,191      0,104    0,551     0,118     2
                 0,190    0,090    0,190      0,190    0,190      0,100    0,550     0,117     3
                 0,261    0,088    0,248      0,261    0,254      0,169    0,587     0,139     4
                 0,227    0,089    0,220      0,227    0,224      0,136    0,569     0,127     5
                 0,159    0,098    0,152      0,159    0,156      0,059    0,530     0,108     6
                 0,147    0,088    0,157      0,147    0,152      0,061    0,530     0,108     7
                 0,232    0,084    0,235      0,232    0,234      0,149    0,574     0,131     8
                 0,421    0,062    0,431      0,421    0,426      0,363    0,680     0,239     9
Weighted Avg.    0,249    0,083    0,250      0,249    0,250      0,166    0,583     0,151     

=== Confusion Matrix ===

   a   b   c   d   e   f   g   h   i   j   <-- classified as
 166  86  77 140  56 100 127  98  79  71 |   a = 0
 102 501  34  68  35 102  71  55  25   7 |   b = 1
  82  48 187  74 167  95 161  92  57  37 |   c = 2
 154  63  82 190  82  83  97 114  65  70 |   d = 3
  72  28 135  74 261  84 121 125  86  14 |   e = 4
 106  92  79  71  86 227  90  83  83  83 |   f = 5
 113  46 137  96 142  94 159 106  66  41 |   g = 6
  94  61 128 153 119  98  93 147  70  37 |   h = 7
  78  39  69  74  82  70 102  58 232 196 |   i = 8
  71  15  27  59  23  77  24  59 224 421 |   j = 9


/////////////////////////////////////////////////////////////////////////////////


4-es kvantálási szint

=== Summary ===

Correctly Classified Instances        2864               28.64   %
Incorrectly Classified Instances      7136               71.36   %
Kappa statistic                          0.2071
Mean absolute error                      0.1427
Root mean squared error                  0.3778
Total Number of Instances            10000     

=== Detailed Accuracy By Class ===

                 TP Rate  FP Rate  Precision  Recall   F-Measure  MCC      ROC Area  PRC Area  Class
                 0,242    0,081    0,249      0,242    0,246      0,163    0,581     0,136     0
                 0,561    0,044    0,589      0,561    0,575      0,529    0,759     0,374     1
                 0,223    0,091    0,214      0,223    0,219      0,130    0,566     0,126     2
                 0,215    0,084    0,222      0,215    0,219      0,133    0,566     0,126     3
                 0,255    0,081    0,260      0,255    0,258      0,176    0,587     0,141     4
                 0,275    0,085    0,263      0,275    0,269      0,186    0,595     0,145     5
                 0,179    0,094    0,175      0,179    0,177      0,084    0,543     0,113     6
                 0,223    0,092    0,212      0,223    0,218      0,128    0,566     0,125     7
                 0,236    0,083    0,240      0,236    0,238      0,154    0,576     0,133     8
                 0,455    0,059    0,461      0,455    0,458      0,398    0,698     0,264     9
Weighted Avg.    0,286    0,079    0,289      0,286    0,287      0,208    0,604     0,168     

=== Confusion Matrix ===

   a   b   c   d   e   f   g   h   i   j   <-- classified as
 242  64  91 163  75  64 105  79  63  54 |   a = 0
  73 561  36  79  19  81  47  63  30  11 |   b = 1
  72  32 223  75 164  63 184  97  76  14 |   c = 2
 159  78  75 215  60  82 111 115  69  36 |   d = 3
  54  17 193  69 255  68 164 114  54  12 |   e = 4
  75  73  63  64  45 275  61 108 107 129 |   f = 5
 108  35 160 101 165  59 179 102  71  20 |   g = 6
  76  53 109 100  98 117  83 223  88  53 |   h = 7
  68  28  73  58  86  93  70  85 236 203 |   i = 8
  44  12  17  43  13 142  19  64 191 455 |   j = 9


/////////////////////////////////////////////////////////////////////////////////


8-as kvantálási szint

=== Summary ===

Correctly Classified Instances        3118               31.18   %
Incorrectly Classified Instances      6882               68.82   %
Kappa statistic                          0.2353
Mean absolute error                      0.1376
Root mean squared error                  0.371 
Total Number of Instances            10000     

=== Detailed Accuracy By Class ===

                 TP Rate  FP Rate  Precision  Recall   F-Measure  MCC      ROC Area  PRC Area  Class
                 0,237    0,075    0,260      0,237    0,248      0,169    0,581     0,138     0
                 0,502    0,056    0,500      0,502    0,501      0,446    0,723     0,301     1
                 0,266    0,083    0,263      0,266    0,264      0,182    0,592     0,143     2
                 0,220    0,088    0,217      0,220    0,219      0,131    0,566     0,126     3
                 0,302    0,081    0,293      0,302    0,297      0,218    0,610     0,158     4
                 0,380    0,074    0,364      0,380    0,372      0,300    0,653     0,200     5
                 0,212    0,094    0,200      0,212    0,206      0,115    0,559     0,121     6
                 0,275    0,088    0,258      0,275    0,266      0,182    0,594     0,144     7
                 0,215    0,072    0,249      0,215    0,231      0,153    0,572     0,132     8
                 0,509    0,054    0,511      0,509    0,510      0,456    0,727     0,309     9
Weighted Avg.    0,312    0,076    0,312      0,312    0,311      0,235    0,618     0,177     

=== Confusion Matrix ===

   a   b   c   d   e   f   g   h   i   j   <-- classified as
 237  87  77 161  80  55 110  98  55  40 |   a = 0
  79 502  19 112  36  92  58  71  25   6 |   b = 1
  58  22 266  96 183  43 176  75  71  10 |   c = 2
 138 101  70 220 104  55 137 105  44  26 |   d = 3
  38  29 197  83 302  35 158  99  54   5 |   e = 4
  62  93  40  50  24 380  55 100  94 102 |   f = 5
  91  40 182 102 168  49 212  93  47  16 |   g = 6
  92  83  70 103  69 104  76 275  74  54 |   h = 7
  63  34  84  45  60 104  66 101 215 228 |   i = 8
  54  12   8  41   6 127  11  48 184 509 |   j = 9


/////////////////////////////////////////////////////////////////////////////////


16-os kvantálási szint

=== Summary ===

Correctly Classified Instances        2535               25.35   %
Incorrectly Classified Instances      7465               74.65   %
Kappa statistic                          0.1706
Mean absolute error                      0.1493
Root mean squared error                  0.3864
Total Number of Instances            10000     

=== Detailed Accuracy By Class ===

                 TP Rate  FP Rate  Precision  Recall   F-Measure  MCC      ROC Area  PRC Area  Class
                 0,157    0,085    0,170      0,157    0,163      0,075    0,536     0,111     0
                 0,208    0,053    0,302      0,208    0,246      0,183    0,577     0,142     1
                 0,227    0,083    0,233      0,227    0,230      0,146    0,572     0,130     2
                 0,175    0,105    0,156      0,175    0,165      0,067    0,535     0,110     3
                 0,293    0,105    0,237      0,293    0,262      0,172    0,594     0,140     4
                 0,354    0,064    0,380      0,354    0,367      0,299    0,645     0,199     5
                 0,252    0,117    0,193      0,252    0,219      0,120    0,568     0,123     6
                 0,265    0,079    0,272      0,265    0,269      0,189    0,593     0,146     7
                 0,181    0,072    0,219      0,181    0,198      0,119    0,555     0,122     8
                 0,423    0,067    0,412      0,423    0,418      0,352    0,678     0,232     9
Weighted Avg.    0,254    0,083    0,258      0,254    0,254      0,172    0,585     0,146     

=== Confusion Matrix ===

   a   b   c   d   e   f   g   h   i   j   <-- classified as
 157  56 100 137 104  70 150  96  68  62 |   a = 0
  86 208  57 184 108  94  88  93  49  33 |   b = 1
  72  35 227 104 167  40 209  67  61  18 |   c = 2
 110  81 103 175 138  53 156  78  54  52 |   d = 3
  78  47 130 128 293  17 182  57  41  27 |   e = 4
  73  80  35  77  35 354  58 118  76  94 |   f = 5
 105  35 150 115 179  39 252  53  42  30 |   g = 6
 102  78  70  81  70  92  95 265  72  75 |   h = 7
  84  40  80  58 103  81  81  80 181 212 |   i = 8
  55  28  21  60  39  91  34  66 183 423 |   j = 9


/////////////////////////////////////////////////////////////////////////////////


32-es kvantálási szint

=== Summary ===

Correctly Classified Instances        1812               18.12   %
Incorrectly Classified Instances      8188               81.88   %
Kappa statistic                          0.0902
Mean absolute error                      0.1638
Root mean squared error                  0.4046
Total Number of Instances            10000     

=== Detailed Accuracy By Class ===

                 TP Rate  FP Rate  Precision  Recall   F-Measure  MCC      ROC Area  PRC Area  Class
                 0,108    0,088    0,120      0,108    0,114      0,021    0,510     0,102     0
                 0,163    0,084    0,177      0,163    0,170      0,081    0,539     0,112     1
                 0,158    0,093    0,159      0,158    0,159      0,066    0,533     0,109     2
                 0,127    0,091    0,135      0,127    0,131      0,037    0,518     0,104     3
                 0,211    0,113    0,172      0,211    0,189      0,089    0,549     0,115     4
                 0,212    0,050    0,318      0,212    0,255      0,194    0,581     0,146     5
                 0,218    0,118    0,170      0,218    0,191      0,090    0,550     0,115     6
                 0,203    0,089    0,203      0,203    0,203      0,114    0,557     0,121     7
                 0,173    0,106    0,154      0,173    0,163      0,064    0,534     0,109     8
                 0,239    0,078    0,253      0,239    0,246      0,165    0,580     0,137     9
Weighted Avg.    0,181    0,091    0,186      0,181    0,182      0,092    0,545     0,117     

=== Confusion Matrix ===

   a   b   c   d   e   f   g   h   i   j   <-- classified as
 108  87 111  98 114  51 153  92  95  91 |   a = 0
  98 163  86 106 148  49  79 100  88  83 |   b = 1
  72  70 158 108 138  30 192  78  95  59 |   c = 2
 106 110  94 127 125  40 114  93 107  84 |   d = 3
  86 102 123  87 211  27 136  71 100  57 |   e = 4
  78  94  70  96  52 212  91 137  99  71 |   f = 5
 107  78 130  87 140  30 218  70  88  52 |   g = 6
  86  97  66  91  76 107 101 203  95  78 |   h = 7
  88  56  86  85 128  59 123  73 173 129 |   i = 8
  68  66  68  59  98  61  72  85 184 239 |   j = 9

