2-es kvantálási szint

=== Summary ===

Correctly Classified Instances        2491               24.91   %
Incorrectly Classified Instances      7509               75.09   %
Kappa statistic                          0.1657
Mean absolute error                      0.1502
Root mean squared error                  0.3875
Total Number of Instances            10000     

=== Detailed Accuracy By Class ===

                 TP Rate  FP Rate  Precision  Recall   F-Measure  MCC      ROC Area  PRC Area  Class
                 0,166    0,097    0,160      0,166    0,163      0,068    0,534     0,110     0
                 0,501    0,053    0,512      0,501    0,506      0,452    0,724     0,306     1
                 0,187    0,085    0,196      0,187    0,191      0,104    0,551     0,118     2
                 0,190    0,090    0,190      0,190    0,190      0,100    0,550     0,117     3
                 0,261    0,088    0,248      0,261    0,254      0,169    0,587     0,139     4
                 0,227    0,089    0,220      0,227    0,224      0,136    0,569     0,127     5
                 0,159    0,098    0,152      0,159    0,156      0,059    0,530     0,108     6
                 0,147    0,088    0,157      0,147    0,152      0,061    0,530     0,108     7
                 0,232    0,084    0,235      0,232    0,234      0,149    0,574     0,131     8
                 0,421    0,062    0,431      0,421    0,426      0,363    0,680     0,239     9
Weighted Avg.    0,249    0,083    0,250      0,249    0,250      0,166    0,583     0,151     

=== Confusion Matrix ===

   a   b   c   d   e   f   g   h   i   j   <-- classified as
 166  86  77 140  56 100 127  98  79  71 |   a = 0
 102 501  34  68  35 102  71  55  25   7 |   b = 1
  82  48 187  74 167  95 161  92  57  37 |   c = 2
 154  63  82 190  82  83  97 114  65  70 |   d = 3
  72  28 135  74 261  84 121 125  86  14 |   e = 4
 106  92  79  71  86 227  90  83  83  83 |   f = 5
 113  46 137  96 142  94 159 106  66  41 |   g = 6
  94  61 128 153 119  98  93 147  70  37 |   h = 7
  78  39  69  74  82  70 102  58 232 196 |   i = 8
  71  15  27  59  23  77  24  59 224 421 |   j = 9


/////////////////////////////////////////////////////////////////////////////////


4-es kvantálási szint

=== Summary ===

Correctly Classified Instances        3453               34.53   %
Incorrectly Classified Instances      6547               65.47   %
Kappa statistic                          0.2726
Mean absolute error                      0.1309
Root mean squared error                  0.3618
Total Number of Instances            10000     

=== Detailed Accuracy By Class ===

                 TP Rate  FP Rate  Precision  Recall   F-Measure  MCC      ROC Area  PRC Area  Class
                 0,233    0,086    0,231      0,233    0,232      0,147    0,574     0,131     0
                 0,619    0,043    0,616      0,619    0,617      0,575    0,788     0,419     1
                 0,258    0,091    0,240      0,258    0,249      0,162    0,584     0,136     2
                 0,244    0,087    0,238      0,244    0,241      0,156    0,579     0,134     3
                 0,275    0,073    0,294      0,275    0,284      0,208    0,601     0,153     4
                 0,437    0,062    0,439      0,437    0,438      0,376    0,687     0,248     5
                 0,215    0,083    0,223      0,215    0,219      0,134    0,566     0,126     6
                 0,495    0,055    0,498      0,495    0,496      0,441    0,720     0,297     7
                 0,238    0,085    0,238      0,238    0,238      0,153    0,577     0,133     8
                 0,439    0,062    0,440      0,439    0,440      0,378    0,689     0,249     9
Weighted Avg.    0,345    0,073    0,346      0,345    0,345      0,273    0,636     0,203     

=== Confusion Matrix ===

   a   b   c   d   e   f   g   h   i   j   <-- classified as
 233  55 117 102  79  65 115  32 131  71 |   a = 0
  42 619  38  56  27 106  29  44  32   7 |   b = 1
 120  31 258 101 129  37 155  30  75  64 |   c = 2
 104  58  86 244  90  61  89 117  60  91 |   d = 3
  74  26 176 100 275  38 128  41 100  42 |   e = 4
  62 108  57  54  25 437  59 129  40  29 |   f = 5
 131  24 162  95 144  55 215  30  94  50 |   g = 6
  48  41  31 113  50 110  30 495  42  40 |   h = 7
 130  37 100  79  79  41  96  36 238 164 |   i = 8
  63   6  50  80  38  46  49  40 189 439 |   j = 9


/////////////////////////////////////////////////////////////////////////////////


8-as kvantálási szint

=== Summary ===

Correctly Classified Instances        3490               34.9    %
Incorrectly Classified Instances      6510               65.1    %
Kappa statistic                          0.2767
Mean absolute error                      0.1302
Root mean squared error                  0.3608
Total Number of Instances            10000     

=== Detailed Accuracy By Class ===

                 TP Rate  FP Rate  Precision  Recall   F-Measure  MCC      ROC Area  PRC Area  Class
                 0,212    0,082    0,224      0,212    0,218      0,134    0,565     0,126     0
                 0,614    0,033    0,672      0,614    0,642      0,604    0,790     0,451     1
                 0,256    0,090    0,240      0,256    0,248      0,161    0,583     0,136     2
                 0,248    0,080    0,256      0,248    0,252      0,171    0,584     0,139     3
                 0,313    0,084    0,293      0,313    0,303      0,223    0,615     0,161     4
                 0,513    0,057    0,500      0,513    0,506      0,451    0,728     0,305     5
                 0,205    0,097    0,190      0,205    0,197      0,104    0,554     0,118     6
                 0,524    0,054    0,520      0,524    0,522      0,469    0,735     0,320     7
                 0,230    0,079    0,243      0,230    0,237      0,154    0,575     0,133     8
                 0,375    0,067    0,383      0,375    0,379      0,311    0,654     0,206     9
Weighted Avg.    0,349    0,072    0,352      0,349    0,350      0,278    0,638     0,210     

=== Confusion Matrix ===

   a   b   c   d   e   f   g   h   i   j   <-- classified as
 212  37 148  80  83  38 163  31 131  77 |   a = 0
  44 614  25  54  18 129  21  49  31  15 |   b = 1
 122  15 256  74 135  30 173  31  72  92 |   c = 2
  81  47  97 248 106  56  87  95  97  86 |   d = 3
  79  18 133  83 313  19 156  31  94  74 |   e = 4
  47  98  33  63  18 513  37 142  28  21 |   f = 5
 121  19 159  83 169  42 205  18 109  75 |   g = 6
  40  31  25 115  46 128  19 524  31  41 |   h = 7
 125  31 104  84 101  37 130  36 230 122 |   i = 8
  75   4  88  83  78  34  90  51 122 375 |   j = 9


/////////////////////////////////////////////////////////////////////////////////


16-os kvantálási szint

=== Summary ===

Correctly Classified Instances        3295               32.95   %
Incorrectly Classified Instances      6705               67.05   %
Kappa statistic                          0.255 
Mean absolute error                      0.1341
Root mean squared error                  0.3662
Total Number of Instances            10000     

=== Detailed Accuracy By Class ===

                 TP Rate  FP Rate  Precision  Recall   F-Measure  MCC      ROC Area  PRC Area  Class
                 0,187    0,065    0,243      0,187    0,212      0,138    0,561     0,127     0
                 0,496    0,024    0,700      0,496    0,580      0,552    0,736     0,397     1
                 0,274    0,101    0,232      0,274    0,251      0,161    0,587     0,136     2
                 0,210    0,072    0,245      0,210    0,226      0,148    0,569     0,130     3
                 0,364    0,105    0,278      0,364    0,315      0,230    0,629     0,165     4
                 0,461    0,061    0,456      0,461    0,458      0,398    0,700     0,264     5
                 0,269    0,120    0,199      0,269    0,229      0,131    0,574     0,127     6
                 0,470    0,050    0,511      0,470    0,490      0,436    0,710     0,293     7
                 0,242    0,080    0,251      0,242    0,246      0,164    0,581     0,136     8
                 0,322    0,067    0,348      0,322    0,335      0,264    0,628     0,180     9
Weighted Avg.    0,330    0,075    0,346      0,330    0,334      0,262    0,628     0,196     

=== Confusion Matrix ===

   a   b   c   d   e   f   g   h   i   j   <-- classified as
 187  20 167  62  97  48 179  30 120  90 |   a = 0
  44 496  18  94  36 174  26  59  41  12 |   b = 1
 102   6 274  53 151  29 220  20  78  67 |   c = 2
  73  31 124 210 111  54 112  87  92 106 |   d = 3
  53   7 135  71 364  11 172  25  86  76 |   e = 4
  40  89  45  52  29 461  43 152  55  34 |   f = 5
  82   5 189  54 197  27 269  14  89  74 |   g = 6
  34  34  17 112  58 150  36 470  40  49 |   h = 7
  93  20 110  76 140  33 167  24 242  95 |   i = 8
  60   1 104  74 127  25 126  38 123 322 |   j = 9


/////////////////////////////////////////////////////////////////////////////////


32-es kvantálási szint

=== Summary ===

Correctly Classified Instances        2776               27.76   %
Incorrectly Classified Instances      7224               72.24   %
Kappa statistic                          0.1973
Mean absolute error                      0.1445
Root mean squared error                  0.3801
Total Number of Instances            10000     

=== Detailed Accuracy By Class ===

                 TP Rate  FP Rate  Precision  Recall   F-Measure  MCC      ROC Area  PRC Area  Class
                 0,147    0,059    0,216      0,147    0,175      0,104    0,544     0,117     0
                 0,346    0,018    0,685      0,346    0,460      0,450    0,664     0,302     1
                 0,288    0,118    0,213      0,288    0,245      0,149    0,585     0,133     2
                 0,124    0,059    0,188      0,124    0,150      0,078    0,532     0,111     3
                 0,376    0,132    0,240      0,376    0,293      0,201    0,622     0,153     4
                 0,379    0,061    0,409      0,379    0,393      0,329    0,659     0,217     5
                 0,289    0,151    0,176      0,289    0,219      0,112    0,569     0,122     6
                 0,366    0,043    0,488      0,366    0,418      0,368    0,662     0,242     7
                 0,239    0,099    0,211      0,239    0,224      0,133    0,570     0,127     8
                 0,222    0,062    0,284      0,222    0,249      0,179    0,580     0,141     9
Weighted Avg.    0,278    0,080    0,311      0,278    0,283      0,210    0,599     0,166     

=== Confusion Matrix ===

   a   b   c   d   e   f   g   h   i   j   <-- classified as
 147  12 169  42 153  31 226  19 136  65 |   a = 0
  50 346  40 110  57 167  60  69  62  39 |   b = 1
  55   5 288  34 178  39 251   9  98  43 |   c = 2
  82  16 110 124 128  66 139  68 126 141 |   d = 3
  37   4 144  38 376  10 197  20 127  47 |   e = 4
  55  68  62  72  45 379  95 143  47  34 |   f = 5
  73   7 201  43 220  19 289   5 101  42 |   g = 6
  40  26  39 101  73 157  55 366  64  79 |   h = 7
  87  12 162  39 173  29 165  24 239  70 |   i = 8
  56   9 138  55 165  30 167  27 131 222 |   j = 9

