2-es kvantálási szint

=== Summary ===

Correctly Classified Instances        2018               20.18   %
Incorrectly Classified Instances      7982               79.82   %
Kappa statistic                          0.1131
Mean absolute error                      0.1597
Root mean squared error                  0.3995
Total Number of Instances            10000     

=== Detailed Accuracy By Class ===

                 TP Rate  FP Rate  Precision  Recall   F-Measure  MCC      ROC Area  PRC Area  Class
                 0,154    0,096    0,152      0,154    0,153      0,058    0,528     0,108     0
                 0,373    0,070    0,373      0,373    0,373      0,304    0,652     0,202     1
                 0,150    0,094    0,151      0,150    0,151      0,057    0,528     0,108     2
                 0,168    0,100    0,158      0,168    0,163      0,066    0,534     0,110     3
                 0,230    0,082    0,237      0,230    0,233      0,149    0,574     0,131     4
                 0,147    0,093    0,149      0,147    0,148      0,054    0,527     0,107     5
                 0,113    0,096    0,116      0,113    0,115      0,018    0,509     0,102     6
                 0,147    0,091    0,152      0,147    0,149      0,057    0,528     0,108     7
                 0,264    0,082    0,262      0,264    0,263      0,181    0,591     0,143     8
                 0,272    0,083    0,267      0,272    0,269      0,187    0,595     0,145     9
Weighted Avg.    0,202    0,089    0,202      0,202    0,202      0,113    0,557     0,126     

=== Confusion Matrix ===

   a   b   c   d   e   f   g   h   i   j   <-- classified as
 154 102  80 130  77  84  84 100  89 100 |   a = 0
 105 373  63 131  34  61  57  71  37  68 |   b = 1
  83  66 150  96 140  87 124 101  86  67 |   c = 2
 132 113  75 168  72  97  70 102  83  88 |   d = 3
  77  40 155  60 230  92 113 124  66  43 |   e = 4
  98  61  98 101  72 147 117 103 100 103 |   f = 5
  90  64 105 115 115 106 113 100  91 101 |   g = 6
  99  75 127 115 110  96 115 147  70  46 |   h = 7
  86  36  83  68  87  99  81  64 264 132 |   i = 8
  92  69  57  81  35 119  99  56 120 272 |   j = 9


/////////////////////////////////////////////////////////////////////////////////


4-es kvantálási szint

=== Summary ===

Correctly Classified Instances        2470               24.7    %
Incorrectly Classified Instances      7530               75.3    %
Kappa statistic                          0.1633
Mean absolute error                      0.1506
Root mean squared error                  0.388 
Total Number of Instances            10000     

=== Detailed Accuracy By Class ===

                 TP Rate  FP Rate  Precision  Recall   F-Measure  MCC      ROC Area  PRC Area  Class
                 0,208    0,094    0,198      0,208    0,203      0,112    0,557     0,120     0
                 0,428    0,067    0,414      0,428    0,421      0,355    0,680     0,234     1
                 0,186    0,088    0,190      0,186    0,188      0,099    0,549     0,117     2
                 0,158    0,094    0,157      0,158    0,158      0,064    0,532     0,109     3
                 0,265    0,082    0,264      0,265    0,265      0,183    0,592     0,144     4
                 0,205    0,090    0,203      0,205    0,204      0,115    0,558     0,121     5
                 0,142    0,090    0,149      0,142    0,145      0,053    0,526     0,107     6
                 0,179    0,092    0,177      0,179    0,178      0,086    0,543     0,114     7
                 0,314    0,073    0,323      0,314    0,319      0,244    0,621     0,170     8
                 0,385    0,066    0,392      0,385    0,389      0,322    0,659     0,213     9
Weighted Avg.    0,247    0,084    0,247      0,247    0,247      0,163    0,582     0,145     

=== Confusion Matrix ===

   a   b   c   d   e   f   g   h   i   j   <-- classified as
 208  96  69 129  60  84 114 111  48  81 |   a = 0
  96 428  36 141  33  74  50  61  27  54 |   b = 1
  63  54 186  77 179  91 135 103  83  29 |   c = 2
 141 139  76 158  74  72  97 133  49  61 |   d = 3
  59  33 171  65 265  58 133 109  85  22 |   e = 4
  86  77  84  85  69 205  79  93  97 125 |   f = 5
 100  52 157  98 130 106 142 111  60  44 |   g = 6
 130  78  88 129 110  96 100 179  60  30 |   h = 7
  75  31  83  48  77 102  62  58 314 150 |   i = 8
  93  47  30  75   5 124  41  52 148 385 |   j = 9


/////////////////////////////////////////////////////////////////////////////////


8-as kvantálási szint

=== Summary ===

Correctly Classified Instances        2610               26.1    %
Incorrectly Classified Instances      7390               73.9    %
Kappa statistic                          0.1789
Mean absolute error                      0.1478
Root mean squared error                  0.3844
Total Number of Instances            10000     

=== Detailed Accuracy By Class ===

                 TP Rate  FP Rate  Precision  Recall   F-Measure  MCC      ROC Area  PRC Area  Class
                 0,179    0,081    0,197      0,179    0,188      0,102    0,549     0,117     0
                 0,333    0,080    0,317      0,333    0,325      0,248    0,627     0,172     1
                 0,233    0,087    0,230      0,233    0,232      0,146    0,573     0,130     2
                 0,193    0,099    0,178      0,193    0,185      0,091    0,547     0,115     3
                 0,278    0,079    0,281      0,278    0,279      0,200    0,599     0,150     4
                 0,279    0,077    0,286      0,279    0,282      0,204    0,601     0,152     5
                 0,196    0,089    0,197      0,196    0,197      0,108    0,554     0,119     6
                 0,218    0,095    0,203      0,218    0,210      0,119    0,562     0,123     7
                 0,294    0,069    0,320      0,294    0,306      0,233    0,612     0,165     8
                 0,407    0,065    0,409      0,407    0,408      0,342    0,671     0,226     9
Weighted Avg.    0,261    0,082    0,262      0,261    0,261      0,179    0,589     0,147     

=== Confusion Matrix ===

   a   b   c   d   e   f   g   h   i   j   <-- classified as
 179 131  69 133  64  64  95 133  60  72 |   a = 0
  93 333  31 179  31  92  52 115  27  47 |   b = 1
  71  44 233  69 190  46 174  86  69  18 |   c = 2
 111 141  70 193  68  82  83 129  51  72 |   d = 3
  58  30 226  51 278  39 141  74  87  16 |   e = 4
  62  93  67  80  42 279  68 104  80 125 |   f = 5
  72  52 168 107 156  71 196  99  55  24 |   g = 6
 118 126  53 144  70  86  97 218  46  42 |   h = 7
  69  51  75  50  79  97  61  52 294 172 |   i = 8
  76  48  20  77  13 120  27  62 150 407 |   j = 9


/////////////////////////////////////////////////////////////////////////////////


16-os kvantálási szint

=== Summary ===

Correctly Classified Instances        2166               21.66   %
Incorrectly Classified Instances      7834               78.34   %
Kappa statistic                          0.1296
Mean absolute error                      0.1567
Root mean squared error                  0.3958
Total Number of Instances            10000     

=== Detailed Accuracy By Class ===

                 TP Rate  FP Rate  Precision  Recall   F-Measure  MCC      ROC Area  PRC Area  Class
                 0,136    0,097    0,134      0,136    0,135      0,038    0,519     0,105     0
                 0,167    0,055    0,251      0,167    0,200      0,134    0,556     0,125     1
                 0,214    0,094    0,202      0,214    0,208      0,117    0,560     0,122     2
                 0,160    0,107    0,142      0,160    0,151      0,050    0,526     0,107     3
                 0,256    0,102    0,218      0,256    0,235      0,143    0,577     0,130     4
                 0,255    0,066    0,299      0,255    0,275      0,203    0,594     0,151     5
                 0,230    0,118    0,178      0,230    0,201      0,101    0,556     0,118     6
                 0,201    0,084    0,210      0,201    0,206      0,120    0,559     0,122     7
                 0,225    0,061    0,290      0,225    0,253      0,183    0,582     0,143     8
                 0,322    0,085    0,297      0,322    0,309      0,229    0,619     0,163     9
Weighted Avg.    0,217    0,087    0,222      0,217    0,217      0,132    0,565     0,129     

=== Confusion Matrix ===

   a   b   c   d   e   f   g   h   i   j   <-- classified as
 136  67 108 130 122  67 123  94  77  76 |   a = 0
 124 167  71 146  98  67  84  95  41 107 |   b = 1
  79  23 214  80 201  33 210  68  66  26 |   c = 2
 123  68 101 160 118  52 146 101  50  81 |   d = 3
  75  23 172  97 256  33 193  65  53  33 |   e = 4
  90 104  46 100  33 255  80 124  63 105 |   f = 5
 107  31 163 120 150  43 230  69  43  44 |   g = 6
 109  81  86 102  80 101  90 201  44 106 |   h = 7
  79  41  67  87  82  91  75  68 225 185 |   i = 8
  91  61  34 104  35 110  58  70 115 322 |   j = 9


/////////////////////////////////////////////////////////////////////////////////


32-es kvantálási szint

=== Summary ===

Correctly Classified Instances        1723               17.23   %
Incorrectly Classified Instances      8277               82.77   %
Kappa statistic                          0.0803
Mean absolute error                      0.1655
Root mean squared error                  0.4068
Total Number of Instances            10000     

=== Detailed Accuracy By Class ===

                 TP Rate  FP Rate  Precision  Recall   F-Measure  MCC      ROC Area  PRC Area  Class
                 0,133    0,090    0,141      0,133    0,137      0,045    0,522     0,106     0
                 0,121    0,067    0,166      0,121    0,140      0,062    0,527     0,108     1
                 0,177    0,115    0,146      0,177    0,160      0,057    0,531     0,108     2
                 0,123    0,099    0,122      0,123    0,122      0,024    0,512     0,103     3
                 0,227    0,128    0,165      0,227    0,191      0,087    0,550     0,115     4
                 0,187    0,053    0,283      0,187    0,225      0,162    0,567     0,134     5
                 0,225    0,135    0,157      0,225    0,185      0,077    0,545     0,113     6
                 0,156    0,069    0,201      0,156    0,175      0,097    0,543     0,116     7
                 0,171    0,084    0,184      0,171    0,177      0,090    0,543     0,114     8
                 0,203    0,081    0,219      0,203    0,210      0,126    0,561     0,124     9
Weighted Avg.    0,172    0,092    0,178      0,172    0,172      0,083    0,540     0,114     

=== Confusion Matrix ===

   a   b   c   d   e   f   g   h   i   j   <-- classified as
 133  81 119  99 137  36 159  64  97  75 |   a = 0
  75 121 121 123 161  50 103  75  72  99 |   b = 1
  84  53 177  80 178  37 211  61  79  40 |   c = 2
  98  76 114 123 152  60 152  69  80  76 |   d = 3
  81  77 168  99 227  21 171  34  76  46 |   e = 4
  98  72  78 126  60 187  76 135  78  90 |   f = 5
 107  58 162  90 154  32 225  41  81  50 |   g = 6
  89  71  96 100  94 112 120 156  61 101 |   h = 7
  88  56  96  88 121  62 121  48 171 149 |   i = 8
  87  63  84  82  92  63  98  95 133 203 |   j = 9