2-es kvantálási szint

=== Summary ===

Correctly Classified Instances        2018               20.18   %
Incorrectly Classified Instances      7982               79.82   %
Kappa statistic                          0.1131
Mean absolute error                      0.1597
Root mean squared error                  0.3995
Total Number of Instances            10000     

=== Detailed Accuracy By Class ===

                 TP Rate  FP Rate  Precision  Recall   F-Measure  MCC      ROC Area  PRC Area  Class
                 0,154    0,096    0,152      0,154    0,153      0,058    0,528     0,108     0
                 0,373    0,070    0,373      0,373    0,373      0,304    0,652     0,202     1
                 0,150    0,094    0,151      0,150    0,151      0,057    0,528     0,108     2
                 0,168    0,100    0,158      0,168    0,163      0,066    0,534     0,110     3
                 0,230    0,082    0,237      0,230    0,233      0,149    0,574     0,131     4
                 0,147    0,093    0,149      0,147    0,148      0,054    0,527     0,107     5
                 0,113    0,096    0,116      0,113    0,115      0,018    0,509     0,102     6
                 0,147    0,091    0,152      0,147    0,149      0,057    0,528     0,108     7
                 0,264    0,082    0,262      0,264    0,263      0,181    0,591     0,143     8
                 0,272    0,083    0,267      0,272    0,269      0,187    0,595     0,145     9
Weighted Avg.    0,202    0,089    0,202      0,202    0,202      0,113    0,557     0,126     

=== Confusion Matrix ===

   a   b   c   d   e   f   g   h   i   j   <-- classified as
 154 102  80 130  77  84  84 100  89 100 |   a = 0
 105 373  63 131  34  61  57  71  37  68 |   b = 1
  83  66 150  96 140  87 124 101  86  67 |   c = 2
 132 113  75 168  72  97  70 102  83  88 |   d = 3
  77  40 155  60 230  92 113 124  66  43 |   e = 4
  98  61  98 101  72 147 117 103 100 103 |   f = 5
  90  64 105 115 115 106 113 100  91 101 |   g = 6
  99  75 127 115 110  96 115 147  70  46 |   h = 7
  86  36  83  68  87  99  81  64 264 132 |   i = 8
  92  69  57  81  35 119  99  56 120 272 |   j = 9


/////////////////////////////////////////////////////////////////////////////////


4-es kvantálási szint

=== Summary ===

Correctly Classified Instances        2439               24.39   %
Incorrectly Classified Instances      7561               75.61   %
Kappa statistic                          0.1599
Mean absolute error                      0.1512
Root mean squared error                  0.3888
Total Number of Instances            10000     

=== Detailed Accuracy By Class ===

                 TP Rate  FP Rate  Precision  Recall   F-Measure  MCC      ROC Area  PRC Area  Class
                 0,200    0,092    0,194      0,200    0,197      0,106    0,554     0,119     0
                 0,389    0,070    0,382      0,389    0,386      0,317    0,660     0,210     1
                 0,204    0,091    0,199      0,204    0,201      0,112    0,556     0,120     2
                 0,135    0,095    0,136      0,135    0,136      0,040    0,520     0,105     3
                 0,197    0,089    0,198      0,197    0,197      0,108    0,554     0,119     4
                 0,274    0,080    0,276      0,274    0,275      0,195    0,597     0,148     5
                 0,159    0,095    0,156      0,159    0,158      0,063    0,532     0,109     6
                 0,296    0,074    0,308      0,296    0,302      0,226    0,611     0,162     7
                 0,215    0,083    0,223      0,215    0,219      0,134    0,566     0,126     8
                 0,370    0,071    0,368      0,370    0,369      0,299    0,650     0,199     9
Weighted Avg.    0,244    0,084    0,244      0,244    0,244      0,160    0,580     0,142     

=== Confusion Matrix ===

   a   b   c   d   e   f   g   h   i   j   <-- classified as
 200  80  86 108 105  50 116  54 118  83 |   a = 0
  79 389  39 123  54  73  76  74  57  36 |   b = 1
  79  45 204  88 152  56 143  59 107  67 |   c = 2
 106 152  87 135 102  87 105  98  59  69 |   d = 3
  99  49 177  96 197  56 124  66  77  59 |   e = 4
  68  66  66  84  41 274  61 184  83  73 |   f = 5
 140  69 123 101 126  68 159  64  76  74 |   g = 6
  59  78  80  96  84 165  67 296  47  28 |   h = 7
 116  50  92  78  84  84  98  37 215 146 |   i = 8
  85  40  71  81  52  79  68  28 126 370 |   j = 9


/////////////////////////////////////////////////////////////////////////////////


8-as kvantálási szint

=== Summary ===

Correctly Classified Instances        2629               26.29   %
Incorrectly Classified Instances      7371               73.71   %
Kappa statistic                          0.181 
Mean absolute error                      0.1474
Root mean squared error                  0.3839
Total Number of Instances            10000     

=== Detailed Accuracy By Class ===

                 TP Rate  FP Rate  Precision  Recall   F-Measure  MCC      ROC Area  PRC Area  Class
                 0,202    0,084    0,211      0,202    0,206      0,120    0,559     0,122     0
                 0,382    0,068    0,383      0,382    0,382      0,314    0,657     0,208     1
                 0,229    0,086    0,229      0,229    0,229      0,143    0,572     0,129     2
                 0,144    0,089    0,152      0,144    0,148      0,056    0,527     0,107     3
                 0,206    0,089    0,204      0,206    0,205      0,116    0,558     0,121     4
                 0,334    0,080    0,316      0,334    0,325      0,248    0,627     0,172     5
                 0,188    0,094    0,181      0,188    0,185      0,092    0,547     0,115     6
                 0,356    0,072    0,353      0,356    0,355      0,283    0,642     0,190     7
                 0,212    0,078    0,233      0,212    0,222      0,140    0,567     0,128     8
                 0,376    0,078    0,349      0,376    0,362      0,289    0,649     0,194     9
Weighted Avg.    0,263    0,082    0,261      0,263    0,262      0,180    0,591     0,149     

=== Confusion Matrix ===

   a   b   c   d   e   f   g   h   i   j   <-- classified as
 202  67 107  93 119  53 134  47  97  81 |   a = 0
  64 382  40 121  63  89  69  61  78  33 |   b = 1
 111  40 229  84 135  55 128  46  69 103 |   c = 2
  89 133  85 144 123  72  99  96  83  76 |   d = 3
  91  68 130 122 206  43 124  60  81  75 |   e = 4
  45  76  51  67  44 334  49 191  61  82 |   f = 5
 117  62 139  85 122  64 188  58  73  92 |   g = 6
  35  71  48  88  64 197  45 356  49  47 |   h = 7
 132  72  81  85  72  79  96  60 212 111 |   i = 8
  72  27  91  58  61  70 104  33 108 376 |   j = 9


/////////////////////////////////////////////////////////////////////////////////


16-os kvantálási szint

=== Summary ===

Correctly Classified Instances        2461               24.61   %
Incorrectly Classified Instances      7539               75.39   %
Kappa statistic                          0.1623
Mean absolute error                      0.1508
Root mean squared error                  0.3883
Total Number of Instances            10000     

=== Detailed Accuracy By Class ===

                 TP Rate  FP Rate  Precision  Recall   F-Measure  MCC      ROC Area  PRC Area  Class
                 0,154    0,066    0,205      0,154    0,176      0,100    0,544     0,116     0
                 0,303    0,067    0,335      0,303    0,318      0,247    0,618     0,171     1
                 0,203    0,087    0,205      0,203    0,204      0,116    0,558     0,121     2
                 0,148    0,092    0,152      0,148    0,150      0,057    0,528     0,108     3
                 0,207    0,098    0,190      0,207    0,198      0,105    0,554     0,119     4
                 0,318    0,085    0,293      0,318    0,305      0,224    0,616     0,161     5
                 0,205    0,106    0,176      0,205    0,190      0,092    0,549     0,116     6
                 0,386    0,073    0,371      0,386    0,378      0,308    0,657     0,205     7
                 0,190    0,078    0,213      0,190    0,201      0,118    0,556     0,121     8
                 0,347    0,084    0,313      0,347    0,329      0,251    0,631     0,174     9
Weighted Avg.    0,246    0,084    0,245      0,246    0,245      0,162    0,581     0,141     

=== Confusion Matrix ===

   a   b   c   d   e   f   g   h   i   j   <-- classified as
 154  82 108 104 120  58 144  40 102  88 |   a = 0
  62 303  47 113 120  80  69  82  82  42 |   b = 1
  85  45 203  87 137  71 143  42  72 115 |   c = 2
  76 130  83 148 117  71 129  85  82  79 |   d = 3
  82  89 132 105 207  52 122  50  77  84 |   e = 4
  42  37  54  84  52 318  91 193  63  66 |   f = 5
  82  44 136  95 119  79 205  72  82  86 |   g = 6
  27  65  41  91  35 206  55 386  44  50 |   h = 7
  89  81  89  79 103  85  88  46 190 150 |   i = 8
  52  28  96  70  82  66 117  44  98 347 |   j = 9


/////////////////////////////////////////////////////////////////////////////////


32-es kvantálási szint

=== Summary ===

Correctly Classified Instances        2032               20.32   %
Incorrectly Classified Instances      7968               79.68   %
Kappa statistic                          0.1147
Mean absolute error                      0.1594
Root mean squared error                  0.3992
Total Number of Instances            10000     

=== Detailed Accuracy By Class ===

                 TP Rate  FP Rate  Precision  Recall   F-Measure  MCC      ROC Area  PRC Area  Class
                 0,095    0,060    0,150      0,095    0,116      0,043    0,518     0,105     0
                 0,253    0,067    0,297      0,253    0,273      0,200    0,593     0,150     1
                 0,146    0,090    0,152      0,146    0,149      0,057    0,528     0,108     2
                 0,109    0,082    0,129      0,109    0,118      0,029    0,513     0,103     3
                 0,201    0,111    0,167      0,201    0,182      0,083    0,545     0,113     4
                 0,275    0,088    0,257      0,275    0,266      0,181    0,593     0,143     5
                 0,196    0,119    0,154      0,196    0,173      0,069    0,538     0,111     6
                 0,386    0,090    0,322      0,386    0,351      0,273    0,648     0,186     7
                 0,164    0,097    0,158      0,164    0,161      0,065    0,533     0,109     8
                 0,207    0,079    0,225      0,207    0,215      0,132    0,564     0,126     9
Weighted Avg.    0,203    0,089    0,201      0,203    0,200      0,113    0,557     0,125     

=== Confusion Matrix ===

   a   b   c   d   e   f   g   h   i   j   <-- classified as
  95 111 108  86 113  70 149  64 122  82 |   a = 0
  44 253  73 102 124  73  79  93 110  49 |   b = 1
  65  45 146  80 156  78 156  66 100 108 |   c = 2
  66 112  91 109 111  91 112 119 108  81 |   d = 3
  69  69 107  90 201  66 138  74  97  89 |   e = 4
  47  52  70  56  51 275 108 197  89  55 |   f = 5
  93  61 128  97 122  71 196  70  89  73 |   g = 6
  26  47  50  65  80 195  44 386  41  66 |   h = 7
  76  69  91  80 132  77 139  60 164 112 |   i = 8
  54  33  96  83 113  74 148  71 121 207 |   j = 9

